10 10 10 10 10 10 10 10 10 10 10 10 10 10 10 10 10 10 10 10 10 10 10 10 10 10 10 10 10 10 10 10 10 10 10 10 10 10 10 10 10 10 10 10 10 10 10 10 10 10 10 10 10 10 10 10 10 10 10 10 10 
0 2.55248 3.1938 3.51329 3.67737 3.7656 3.81513 3.84393 3.86117 3.87173 3.87831 3.88249 3.88516 3.8869 3.88804 3.88879 3.88929 3.88962 3.88985 3.89 3.8901 3.89017 3.89022 3.89025 3.89027 3.89029 3.8903 3.89031 3.89031 3.89032 3.89032 3.89032 3.89032 3.89032 3.89032 3.89032 3.89032 3.89032 3.89032 3.89032 3.89031 3.8903 3.89029 3.89027 3.89022 3.89015 3.89002 3.8898 3.8894 3.88868 3.8874 3.88504 3.88064 3.87229 3.85602 3.82322 3.754 3.5982 3.21197 2.09668 0 
0 1.49485 2.08739 2.4413 2.64802 2.76956 2.84214 2.88624 2.91348 2.93056 2.9414 2.94837 2.9529 2.95586 2.95782 2.95911 2.95998 2.96056 2.96096 2.96122 2.96141 2.96153 2.96161 2.96167 2.96171 2.96174 2.96176 2.96177 2.96178 2.96179 2.96179 2.9618 2.9618 2.9618 2.9618 2.9618 2.9618 2.9618 2.96179 2.96179 2.96178 2.96177 2.96174 2.9617 2.96163 2.9615 2.96128 2.96089 2.96021 2.959 2.95684 2.95293 2.94575 2.93239 2.90705 2.85791 2.76017 2.56032 2.14475 1.30112 0 
0 0.882731 1.335 1.64505 1.8468 1.97563 2.05754 2.10975 2.14321 2.1648 2.17884 2.18803 2.19408 2.1981 2.20077 2.20257 2.20378 2.2046 2.20515 2.20553 2.20579 2.20596 2.20609 2.20617 2.20623 2.20627 2.2063 2.20631 2.20633 2.20634 2.20634 2.20635 2.20635 2.20635 2.20635 2.20635 2.20635 2.20635 2.20635 2.20634 2.20633 2.20631 2.20627 2.20621 2.20611 2.20593 2.20563 2.2051 2.20418 2.20256 2.1997 2.1946 2.18545 2.16885 2.13842 2.08211 1.9772 1.78201 1.42773 0.82697 0 
0 0.538854 0.859601 1.1034 1.27665 1.39559 1.4758 1.5294 1.56511 1.58888 1.60474 1.61535 1.62246 1.62725 1.63049 1.63268 1.63417 1.63519 1.63588 1.63636 1.63669 1.63692 1.63707 1.63718 1.63725 1.63731 1.63734 1.63737 1.63738 1.6374 1.63741 1.63741 1.63741 1.63742 1.63742 1.63742 1.63742 1.63741 1.63741 1.6374 1.63739 1.63736 1.63732 1.63724 1.63711 1.6369 1.63652 1.63588 1.63478 1.63287 1.62955 1.62374 1.61355 1.5956 1.56391 1.508 1.4101 1.24202 0.965574 0.543781 0 
0 0.339281 0.560505 0.742039 0.880486 0.981605 1.05349 1.10373 1.13848 1.16236 1.17873 1.18992 1.19758 1.20283 1.20642 1.20889 1.21059 1.21176 1.21256 1.21312 1.21351 1.21378 1.21396 1.21409 1.21418 1.21424 1.21429 1.21432 1.21434 1.21435 1.21436 1.21437 1.21437 1.21438 1.21438 1.21438 1.21438 1.21438 1.21437 1.21436 1.21434 1.21431 1.21426 1.21417 1.21403 1.21378 1.21336 1.21264 1.21143 1.20936 1.20582 1.19976 1.18939 1.17167 1.14152 1.0907 1.00646 0.870946 0.663409 0.367204 0 
0 0.218849 0.370097 0.501477 0.607478 0.689033 0.749768 0.793986 0.825678 0.848147 0.863961 0.875037 0.882771 0.88816 0.891912 0.894524 0.896342 0.897607 0.898489 0.899104 0.899533 0.899833 0.900042 0.900188 0.90029 0.900362 0.900412 0.900447 0.900472 0.900489 0.900501 0.900509 0.900515 0.900519 0.900521 0.900521 0.90052 0.900516 0.90051 0.900498 0.900478 0.900444 0.900387 0.900292 0.900133 0.899867 0.89942 0.89867 0.897412 0.895301 0.89176 0.885831 0.87594 0.859535 0.832588 0.788986 0.720049 0.614738 0.461675 0.252727 0 
0 0.143767 0.247094 0.340767 0.419818 0.483341 0.532599 0.569804 0.597363 0.617484 0.632019 0.642438 0.649862 0.655132 0.65886 0.661493 0.663349 0.664657 0.665578 0.666226 0.666682 0.667003 0.667228 0.667387 0.667499 0.667578 0.667633 0.667672 0.667699 0.667719 0.667732 0.667741 0.667747 0.667752 0.667754 0.667754 0.667753 0.667749 0.667742 0.66773 0.667708 0.667672 0.667612 0.667513 0.667348 0.667074 0.666621 0.66587 0.664628 0.662578 0.659206 0.653681 0.644691 0.6302 0.607157 0.571203 0.51657 0.436475 0.324508 0.176325 0 
0 0.0957689 0.166531 0.232811 0.290798 0.339121 0.377924 0.408207 0.431324 0.448672 0.461519 0.470936 0.477783 0.482732 0.486292 0.488843 0.490666 0.491965 0.492891 0.493548 0.494015 0.494347 0.494582 0.494748 0.494866 0.49495 0.495009 0.49505 0.49508 0.495101 0.495115 0.495125 0.495132 0.495137 0.495139 0.49514 0.495139 0.495135 0.495127 0.495114 0.495092 0.495055 0.494994 0.494894 0.494729 0.494458 0.494015 0.493292 0.492112 0.490199 0.487109 0.482155 0.474283 0.461928 0.44285 0.414012 0.371624 0.311491 0.229878 0.124257 0 
0 0.0644922 0.113128 0.159855 0.201949 0.238112 0.268041 0.292085 0.310947 0.325464 0.33647 0.344711 0.350823 0.35532 0.358607 0.360998 0.36273 0.36398 0.36488 0.365527 0.36599 0.366322 0.366559 0.366728 0.366849 0.366935 0.366996 0.36704 0.367071 0.367092 0.367108 0.367118 0.367126 0.367131 0.367133 0.367134 0.367133 0.367129 0.367122 0.367108 0.367086 0.36705 0.366989 0.366891 0.366731 0.366472 0.366053 0.365377 0.364293 0.362563 0.35982 0.355512 0.348818 0.338566 0.323145 0.300468 0.268048 0.22326 0.163848 0.0882293 0 
0 0.0438084 0.0773654 0.110263 0.140615 0.167371 0.190099 0.208832 0.223893 0.235758 0.244951 0.251976 0.257284 0.261258 0.26421 0.266389 0.267989 0.269159 0.27001 0.270628 0.271076 0.271399 0.271632 0.271799 0.27192 0.272006 0.272068 0.272112 0.272143 0.272166 0.272182 0.272193 0.2722 0.272205 0.272208 0.272209 0.272208 0.272204 0.272197 0.272184 0.272162 0.272127 0.272069 0.271975 0.271825 0.271583 0.271197 0.270583 0.269613 0.26809 0.265718 0.262062 0.256501 0.248171 0.235929 0.218351 0.193801 0.160606 0.11736 0.0630155 0 
0 0.0299693 0.0532095 0.0763673 0.0981614 0.117796 0.134857 0.149241 0.161064 0.170578 0.178101 0.18396 0.188467 0.191898 0.194486 0.196424 0.197867 0.198934 0.19972 0.200297 0.200719 0.201026 0.20125 0.201412 0.201529 0.201613 0.201674 0.201718 0.20175 0.201772 0.201788 0.201799 0.201807 0.201812 0.201815 0.201816 0.201815 0.201812 0.201805 0.201792 0.201772 0.201738 0.201684 0.201596 0.201458 0.201238 0.200891 0.200346 0.199497 0.198185 0.196177 0.193139 0.188604 0.181946 0.172362 0.15888 0.140417 0.115892 0.0843982 0.0452164 0 
0 0.0206225 0.0367737 0.0530847 0.0686925 0.0830181 0.0957136 0.106633 0.11579 0.123302 0.129354 0.134152 0.137906 0.14081 0.143033 0.144722 0.145995 0.146948 0.147659 0.148186 0.148575 0.148861 0.149071 0.149224 0.149336 0.149417 0.149476 0.149519 0.14955 0.149572 0.149587 0.149599 0.149606 0.149611 0.149615 0.149616 0.149615 0.149611 0.149605 0.149593 0.149574 0.149543 0.149493 0.149413 0.149288 0.149092 0.148786 0.148312 0.147584 0.146476 0.144806 0.142322 0.138679 0.133427 0.126004 0.115745 0.10193 0.0838453 0.0608933 0.0325663 0 
0 0.014261 0.0255212 0.0370207 0.0481804 0.0585889 0.0679731 0.0761896 0.0832036 0.0890612 0.0938615 0.0977315 0.100808 0.103223 0.105099 0.106544 0.107647 0.108483 0.109113 0.109585 0.109937 0.110199 0.110392 0.110534 0.110639 0.110716 0.110772 0.110812 0.110842 0.110863 0.110878 0.110889 0.110897 0.110902 0.110905 0.110906 0.110906 0.110903 0.110896 0.110886 0.110868 0.11084 0.110794 0.110723 0.110613 0.110441 0.110176 0.109771 0.109157 0.108236 0.106868 0.104865 0.101975 0.0978751 0.0921728 0.0844145 0.0741137 0.0607947 0.0440539 0.0235269 0 
0 0.00990329 0.0177762 0.0258927 0.0338648 0.0414045 0.0483057 0.0544446 0.0597702 0.06429 0.0680531 0.0711342 0.0736199 0.0755999 0.0771592 0.0783752 0.0793152 0.0800362 0.0805855 0.0810014 0.0813147 0.0815494 0.0817245 0.0818545 0.0819508 0.0820218 0.082074 0.0821122 0.08214 0.0821603 0.0821749 0.0821854 0.0821927 0.0821977 0.0822007 0.0822019 0.0822013 0.0821986 0.0821931 0.0821834 0.0821674 0.082142 0.0821019 0.0820395 0.081943 0.0817948 0.0815691 0.0812282 0.0807181 0.0799626 0.0788569 0.0772604 0.0749902 0.071817 0.067466 0.0616258 0.0539659 0.0441641 0.0319436 0.0170395 0 
0 0.00690203 0.0124208 0.0181564 0.023849 0.0292985 0.0343537 0.0389145 0.0429289 0.0463864 0.0493073 0.0517333 0.0537181 0.0553204 0.0565989 0.0576084 0.058398 0.0590105 0.0594822 0.0598431 0.0601174 0.0603248 0.0604809 0.0605978 0.060685 0.0607497 0.0607976 0.0608329 0.0608588 0.0608778 0.0608915 0.0609014 0.0609084 0.0609131 0.060916 0.0609173 0.0609169 0.0609145 0.0609096 0.0609009 0.0608868 0.0608643 0.0608293 0.0607752 0.0606923 0.0605665 0.0603768 0.0600937 0.059675 0.0590628 0.0581785 0.0569184 0.0551503 0.0527113 0.0494091 0.0450288 0.0393441 0.0321342 0.0232063 0.0123668 0 
0 0.00482536 0.00870282 0.0127609 0.0168252 0.0207577 0.0244492 0.027822 0.0308301 0.0334558 0.035704 0.0375962 0.0391647 0.0404471 0.041483 0.0423106 0.0429654 0.043479 0.0438785 0.0441872 0.0444241 0.0446049 0.044742 0.0448455 0.0449233 0.0449815 0.0450249 0.045057 0.0450808 0.0450982 0.045111 0.0451202 0.0451267 0.0451312 0.0451339 0.0451352 0.0451349 0.0451329 0.0451285 0.0451209 0.0451086 0.0450891 0.0450589 0.0450126 0.0449424 0.0448368 0.0446794 0.044447 0.0441073 0.0436163 0.0429156 0.0419293 0.040562 0.038698 0.0362027 0.0329269 0.0287146 0.0234128 0.0168857 0.00899114 0 
0 0.00338268 0.00611258 0.0089871 0.0118891 0.0147236 0.0174126 0.0198976 0.0221405 0.0241223 0.0258403 0.0273042 0.0285325 0.0295489 0.0303795 0.0310506 0.0315874 0.0320128 0.0323471 0.0326079 0.0328099 0.0329653 0.0330842 0.0331747 0.0332432 0.0332948 0.0333335 0.0333624 0.0333839 0.0333997 0.0334114 0.0334198 0.0334259 0.03343 0.0334326 0.0334338 0.0334337 0.033432 0.0334282 0.0334216 0.033411 0.0333942 0.0333685 0.0333294 0.0332707 0.0331832 0.033054 0.0328652 0.0325922 0.0322019 0.0316512 0.0308846 0.0298336 0.0284159 0.0265371 0.0240932 0.0209757 0.0170778 0.0123029 0.00654639 0 
0 0.00237694 0.00430243 0.00634082 0.00841321 0.0104545 0.0124094 0.0142346 0.0159 0.0173881 0.0186928 0.0198174 0.0207718 0.0215704 0.0222302 0.0227691 0.0232046 0.0235532 0.0238299 0.0240477 0.0242178 0.0243499 0.0244518 0.0245299 0.0245895 0.0246347 0.0246688 0.0246944 0.0247136 0.0247278 0.0247383 0.024746 0.0247515 0.0247553 0.0247577 0.0247589 0.0247588 0.0247574 0.0247542 0.0247486 0.0247395 0.0247253 0.0247036 0.024671 0.0246224 0.0245506 0.0244456 0.0242936 0.0240761 0.0237684 0.0233386 0.0227465 0.0219427 0.0208689 0.0194586 0.0176389 0.0153339 0.0124686 0.00897368 0.00477208 0 
0 0.00167367 0.00303398 0.0044809 0.00596121 0.00743028 0.00884923 0.0101864 0.0114186 0.0125309 0.0135166 0.0143751 0.0151115 0.0157342 0.0162541 0.0166829 0.017033 0.0173159 0.0175425 0.0177225 0.0178643 0.0179753 0.0180616 0.0181283 0.0181795 0.0182186 0.0182484 0.0182708 0.0182877 0.0183003 0.0183097 0.0183166 0.0183215 0.018325 0.0183272 0.0183283 0.0183283 0.0183272 0.0183245 0.0183197 0.0183121 0.0183002 0.0182822 0.0182552 0.0182153 0.018157 0.0180724 0.0179511 0.0177792 0.0175383 0.0172049 0.0167499 0.016138 0.0153276 0.0142716 0.012919 0.0112163 0.00911025 0.00655117 0.00348205 0 
0 0.00118058 0.00214297 0.00317098 0.00422862 0.00528534 0.0063139 0.0072914 0.00820027 0.00902854 0.00976957 0.0104215 0.0109862 0.0114684 0.011875 0.0122136 0.0124926 0.0127202 0.012904 0.0130513 0.0131684 0.0132608 0.0133331 0.0133894 0.013433 0.0134664 0.0134921 0.0135115 0.0135262 0.0135373 0.0135456 0.0135517 0.0135561 0.0135592 0.0135612 0.0135622 0.0135623 0.0135614 0.0135591 0.0135552 0.0135488 0.0135389 0.0135241 0.013502 0.0134696 0.0134226 0.013355 0.013259 0.013124 0.0129365 0.0126794 0.0123315 0.0118674 0.0112576 0.0104688 0.00946486 0.00820802 0.00666037 0.00478596 0.0025427 0 
0 0.00083404 0.00151574 0.0022467 0.00300253 0.00376233 0.00450704 0.00522025 0.00588888 0.0065035 0.00705834 0.00755093 0.00798158 0.00835277 0.00866858 0.00893403 0.00915469 0.00933624 0.00948419 0.00960369 0.00969942 0.00977553 0.00983559 0.00988266 0.00991932 0.0099477 0.00996954 0.00998624 0.00999895 0.0100085 0.0100157 0.0100211 0.010025 0.0100277 0.0100295 0.0100305 0.0100306 0.0100299 0.010028 0.0100248 0.0100195 0.0100114 0.00999925 0.00998134 0.00995525 0.00991766 0.00986409 0.00978855 0.00968325 0.00953819 0.00934086 0.00907595 0.00872524 0.00826767 0.00767962 0.00693546 0.00600842 0.00487135 0.00349818 0.00185782 0 
0 0.000589989 0.00107337 0.00159347 0.00213371 0.0026798 0.00321846 0.00373796 0.00422869 0.00468339 0.00509729 0.00546788 0.00579467 0.0060788 0.00632263 0.00652934 0.00670264 0.0068464 0.00696451 0.00706066 0.00713828 0.00720044 0.00724985 0.00728885 0.00731942 0.00734324 0.00736167 0.00737586 0.00738671 0.00739495 0.00740116 0.00740579 0.00740918 0.00741158 0.00741317 0.00741405 0.00741422 0.00741365 0.00741216 0.00740949 0.00740518 0.00739859 0.00738876 0.00737434 0.00735349 0.00732367 0.00728148 0.00722244 0.00714076 0.0070291 0.00687833 0.00667739 0.0064132 0.00607072 0.00563314 0.00508226 0.00439897 0.00356379 0.00255778 0.00135795 0 
0 0.000417803 0.000760858 0.00113111 0.00151731 0.00190966 0.00229891 0.00267675 0.00303614 0.00337161 0.00367933 0.00395704 0.00420391 0.00442029 0.0046075 0.0047675 0.00490271 0.00501576 0.00510936 0.00518614 0.00524858 0.00529894 0.00533924 0.00537127 0.00539653 0.00541634 0.00543176 0.0054437 0.00545287 0.00545988 0.00546519 0.00546916 0.00547209 0.00547418 0.00547557 0.00547635 0.00547655 0.00547611 0.00547492 0.00547276 0.00546927 0.00546395 0.00545605 0.00544454 0.005428 0.00540449 0.00537147 0.0053256 0.00526258 0.00517703 0.00506231 0.00491043 0.004712 0.00445626 0.00413122 0.00372392 0.00322068 0.00260748 0.00187051 0.000992788 0 
0 0.000296127 0.000539755 0.000803449 0.00107954 0.00136131 0.00164235 0.00191676 0.00217946 0.00242634 0.00265442 0.00286177 0.00304749 0.00321151 0.00335451 0.00347766 0.00358252 0.00367086 0.00374453 0.0038054 0.00385525 0.00389573 0.00392835 0.00395443 0.00397514 0.00399146 0.00400425 0.0040142 0.0040219 0.0040278 0.00403229 0.00403568 0.00403818 0.00403998 0.00404119 0.00404188 0.00404208 0.00404175 0.00404081 0.00403907 0.00403627 0.00403201 0.00402572 0.00401659 0.00400356 0.00398515 0.00395946 0.00392401 0.00387563 0.00381037 0.00372342 0.003609 0.00346037 0.00326982 0.00302879 0.00272801 0.00235768 0.00190766 0.0013679 0.000725853 0 
0 0.000210026 0.000383131 0.00057098 0.000768341 0.000970615 0.00117335 0.00137238 0.00156403 0.0017453 0.00191386 0.00206817 0.00220734 0.00233114 0.00243985 0.00253414 0.00261501 0.00268362 0.00274124 0.00278917 0.00282869 0.002861 0.00288719 0.00290827 0.0029251 0.00293845 0.00294897 0.00295719 0.00296359 0.00296852 0.00297229 0.00297514 0.00297726 0.00297879 0.00297983 0.00298044 0.00298064 0.0029804 0.00297966 0.00297828 0.00297605 0.00297267 0.00296768 0.0029605 0.00295029 0.00293597 0.00291609 0.00288883 0.00285186 0.00280229 0.00273663 0.0026507 0.00253965 0.00239798 0.00221954 0.0019977 0.00172542 0.00139536 0.00100018 0.000530622 0 
0 0.000149028 0.000272063 0.000405897 0.000546955 0.000692085 0.000838197 0.000982361 0.00112195 0.00125474 0.00137898 0.00149345 0.00159737 0.00169043 0.00177269 0.00184454 0.00190657 0.00195956 0.00200435 0.00204187 0.00207299 0.00209859 0.00211948 0.00213638 0.00214996 0.00216079 0.00216937 0.00217612 0.00218138 0.00218547 0.0021886 0.00219099 0.00219277 0.00219406 0.00219495 0.00219548 0.00219567 0.0021955 0.00219492 0.00219383 0.00219207 0.0021894 0.00218549 0.00217987 0.00217193 0.00216084 0.00214555 0.00212469 0.00209656 0.00205905 0.00200963 0.00194529 0.00186254 0.00175742 0.00162555 0.00146215 0.00126215 0.00102025 0.000731066 0.000387784 0 
0 0.000105773 0.000193232 0.000288578 0.000389365 0.000493432 0.000598638 0.000702923 0.000804408 0.000901477 0.000992823 0.00107748 0.00115481 0.00122449 0.00128649 0.00134098 0.00138833 0.00142903 0.00146365 0.00149283 0.00151719 0.00153734 0.00155388 0.00156735 0.00157823 0.00158695 0.00159389 0.00159938 0.00160368 0.00160704 0.00160962 0.0016116 0.00161308 0.00161417 0.00161491 0.00161537 0.00161554 0.00161543 0.00161499 0.00161414 0.00161276 0.00161067 0.00160761 0.00160324 0.0015971 0.00158856 0.00157686 0.00156097 0.00153965 0.00151138 0.00147431 0.00142628 0.00136476 0.00128693 0.00118963 0.00106944 0.000922702 0.00074556 0.000534088 0.000283262 0 
0 7.50764e-05 0.000137244 0.000205155 0.000277136 0.000351707 0.000427382 0.000502717 0.000576375 0.000647183 0.000714172 0.000776601 0.000833956 0.000885946 0.000932476 0.000973619 0.00100959 0.00104069 0.00106731 0.00108988 0.00110882 0.00112459 0.00113761 0.00114826 0.00115691 0.00116388 0.00116946 0.00117389 0.00117738 0.00118011 0.00118223 0.00118386 0.00118508 0.00118598 0.00118661 0.00118699 0.00118715 0.00118708 0.00118674 0.00118608 0.00118501 0.00118338 0.00118101 0.00117764 0.00117291 0.00116638 0.00115746 0.00114541 0.00112933 0.00110809 0.00108038 0.00104462 0.000999004 0.000941499 0.000869839 0.000781561 0.000674023 0.000544433 0.000389917 0.000206776 0 
0 5.32805e-05 9.74587e-05 0.000145811 0.00019719 0.00025058 0.000304953 0.000359298 0.000412666 0.00046421 0.000513217 0.000559126 0.000601531 0.000640181 0.000674967 0.000705902 0.000733099 0.000756753 0.000777113 0.000794468 0.000809122 0.000821384 0.000831558 0.000839929 0.000846763 0.000852298 0.000856748 0.000860299 0.000863111 0.000865321 0.000867042 0.000868367 0.000869371 0.000870111 0.00087063 0.000870955 0.000871098 0.000871054 0.000870801 0.000870294 0.000869464 0.000868207 0.00086638 0.000863788 0.000860171 0.000855194 0.000848428 0.000839334 0.000827246 0.000811356 0.000790702 0.000764154 0.000730415 0.000688019 0.000635339 0.000570602 0.000491901 0.000397206 0.000284418 0.000150818 0 
0 3.77988e-05 6.91797e-05 0.000103587 0.000140233 0.000178422 0.000217442 0.000256588 0.000295186 0.000332628 0.000368392 0.000402059 0.000433313 0.000461948 0.000487856 0.000511019 0.000531494 0.000549397 0.000564891 0.000578168 0.000589438 0.000598918 0.000606824 0.000613362 0.000618725 0.00062309 0.000626615 0.000629441 0.000631689 0.000633464 0.000634851 0.000635924 0.00063674 0.000637345 0.000637772 0.000638044 0.000638169 0.000638145 0.000637957 0.00063757 0.000636933 0.000635968 0.000634569 0.000632588 0.000629836 0.000626063 0.000620955 0.000614119 0.000605069 0.00059322 0.000577876 0.000558225 0.000533332 0.000502144 0.000463493 0.0004161 0.000358587 0.000289481 0.000207248 0.000109892 0 
0 2.68006e-05 4.90771e-05 7.35423e-05 9.96568e-05 0.000126943 0.000154909 0.000183062 0.000210925 0.000238066 0.000264103 0.000288724 0.000311689 0.000332831 0.000352056 0.000369331 0.000384678 0.000398167 0.0004099 0.000420005 0.000428626 0.000435914 0.000442021 0.000447096 0.000451278 0.000454698 0.000457473 0.000459706 0.000461491 0.000462905 0.000464016 0.000464878 0.000465536 0.000466027 0.000466376 0.0004666 0.000466708 0.000466699 0.00046656 0.000466268 0.000465782 0.000465046 0.00046398 0.000462475 0.000460391 0.000457546 0.000453707 0.000448589 0.00044184 0.000433035 0.000421673 0.000407168 0.000388849 0.000365959 0.000337659 0.000303026 0.000261065 0.000210707 0.000150832 7.99755e-05 0 
0 1.89879e-05 3.47882e-05 5.21683e-05 7.07579e-05 9.02297e-05 0.000110244 0.000130457 0.000150533 0.000170163 0.000189071 0.000207027 0.00022385 0.000239409 0.000253622 0.000266455 0.00027791 0.000288027 0.00029687 0.000304523 0.000311083 0.000316655 0.000321346 0.000325262 0.000328503 0.000331166 0.000333335 0.000335089 0.000336496 0.000337616 0.000338498 0.000339186 0.000339713 0.000340108 0.000340391 0.000340575 0.000340667 0.000340667 0.000340566 0.000340346 0.000339979 0.000339421 0.000338613 0.000337476 0.000335907 0.00033377 0.000330898 0.000327083 0.000322068 0.000315548 0.000307161 0.000296487 0.000283041 0.000266282 0.000245605 0.000220346 0.000189787 0.00015315 0.00010962 5.81235e-05 0 
0 1.34396e-05 2.46351e-05 3.69681e-05 5.01848e-05 6.40608e-05 7.83619e-05 9.28481e-05 0.000107284 0.000121449 0.000135146 0.000148205 0.000160491 0.000171902 0.000182373 0.000191869 0.000200384 0.000207939 0.000214573 0.00022034 0.000225306 0.000229543 0.000233126 0.00023613 0.000238628 0.000240688 0.000242374 0.000243742 0.000244844 0.000245724 0.00024642 0.000246965 0.000247385 0.000247701 0.000247928 0.000248078 0.000248155 0.000248161 0.000248088 0.000247924 0.000247648 0.000247227 0.000246619 0.000245765 0.000244588 0.000242992 0.000240852 0.000238019 0.000234308 0.000229497 0.000223327 0.000215494 0.000205653 0.000193413 0.00017834 0.000159956 0.000137743 0.000111136 7.95421e-05 4.21765e-05 0 
0 9.50144e-06 1.74244e-05 2.61647e-05 3.55483e-05 4.54213e-05 5.56224e-05 6.59848e-05 7.63434e-05 8.65416e-05 9.64376e-05 0.000105908 0.000114853 0.000123195 0.000130881 0.000137881 0.000144185 0.000149802 0.000154756 0.000159081 0.000162821 0.000166026 0.000168749 0.00017104 0.000172954 0.000174538 0.00017584 0.0001769 0.000177758 0.000178445 0.000178991 0.00017942 0.000179751 0.000180002 0.000180183 0.000180304 0.000180368 0.000180377 0.000180326 0.000180204 0.000179998 0.000179683 0.000179227 0.000178588 0.000177711 0.000176523 0.000174937 0.000172842 0.000170105 0.000166568 0.000162043 0.000156314 0.00014913 0.000140214 0.000129253 0.000115903 9.97895e-05 8.05049e-05 5.76162e-05 3.0552e-05 0 
0 6.70822e-06 1.23075e-05 1.84927e-05 2.51444e-05 3.21575e-05 3.94207e-05 4.68182e-05 5.42346e-05 6.15591e-05 6.86903e-05 7.55391e-05 8.20314e-05 8.81091e-05 9.37309e-05 9.88712e-05 0.000103519 0.000107678 0.00011136 0.000114589 0.000117393 0.000119805 0.000121862 0.0001236 0.000125058 0.000126269 0.000127268 0.000128085 0.000128748 0.000129282 0.000129707 0.000130042 0.000130302 0.000130499 0.000130643 0.00013074 0.000130793 0.000130803 0.000130767 0.000130678 0.000130524 0.00013029 0.00012995 0.000129475 0.000128824 0.000127945 0.000126773 0.00012523 0.00012322 0.000120629 0.000117322 0.000113143 0.000107915 0.000101438 9.34865e-05 8.38146e-05 7.21518e-05 5.82033e-05 4.16547e-05 2.20896e-05 0 
0 4.72912e-06 8.6802e-06 1.30503e-05 1.77576e-05 2.27302e-05 2.78917e-05 3.31617e-05 3.84595e-05 4.37071e-05 4.88323e-05 5.37709e-05 5.84686e-05 6.28821e-05 6.69796e-05 7.07402e-05 7.41539e-05 7.72198e-05 7.99453e-05 8.23442e-05 8.44355e-05 8.62419e-05 8.77881e-05 8.91001e-05 9.02039e-05 9.1125e-05 9.18872e-05 9.2513e-05 9.30225e-05 9.34339e-05 9.37628e-05 9.4023e-05 9.42256e-05 9.438e-05 9.44931e-05 9.457e-05 9.46133e-05 9.46236e-05 9.45987e-05 9.45338e-05 9.44206e-05 9.42467e-05 9.39953e-05 9.36437e-05 9.31625e-05 9.25144e-05 9.1653e-05 9.05214e-05 8.90506e-05 8.71587e-05 8.47496e-05 8.17119e-05 7.79182e-05 7.32251e-05 6.74721e-05 6.04819e-05 5.20599e-05 4.19932e-05 3.00538e-05 1.59391e-05 0 
0 3.32885e-06 6.11256e-06 9.19522e-06 1.25209e-05 1.60404e-05 1.97011e-05 2.34477e-05 2.72236e-05 3.09742e-05 3.46481e-05 3.81992e-05 4.15882e-05 4.47829e-05 4.77591e-05 5.05004e-05 5.29979e-05 5.52491e-05 5.72577e-05 5.90322e-05 6.0585e-05 6.19311e-05 6.30876e-05 6.40725e-05 6.49042e-05 6.56006e-05 6.61789e-05 6.66554e-05 6.70446e-05 6.73599e-05 6.76129e-05 6.78136e-05 6.79705e-05 6.80905e-05 6.81789e-05 6.82396e-05 6.82745e-05 6.82843e-05 6.82674e-05 6.82205e-05 6.81374e-05 6.80093e-05 6.78239e-05 6.75649e-05 6.72111e-05 6.67354e-05 6.61046e-05 6.52778e-05 6.42055e-05 6.28291e-05 6.10798e-05 5.88782e-05 5.61332e-05 5.27422e-05 4.85904e-05 4.35506e-05 3.7483e-05 3.0234e-05 2.16386e-05 1.14773e-05 0 
0 2.34015e-06 4.29877e-06 6.47023e-06 8.81624e-06 1.13033e-05 1.38952e-05 1.65537e-05 1.92395e-05 2.19143e-05 2.45416e-05 2.70885e-05 2.95266e-05 3.18323e-05 3.39873e-05 3.59789e-05 3.77995e-05 3.94463e-05 4.09208e-05 4.2228e-05 4.33759e-05 4.43746e-05 4.52355e-05 4.59713e-05 4.65948e-05 4.71186e-05 4.75551e-05 4.79158e-05 4.82115e-05 4.84518e-05 4.86452e-05 4.87992e-05 4.89199e-05 4.90127e-05 4.90813e-05 4.91288e-05 4.91568e-05 4.91656e-05 4.91544e-05 4.91206e-05 4.906e-05 4.89661e-05 4.88301e-05 4.86401e-05 4.83809e-05 4.80332e-05 4.75729e-05 4.69708e-05 4.61916e-05 4.51934e-05 4.3927e-05 4.23357e-05 4.03546e-05 3.79105e-05 3.49213e-05 3.12959e-05 2.69339e-05 2.17247e-05 1.55491e-05 8.2484e-06 0 
0 1.64432e-06 3.02168e-06 4.55034e-06 6.20409e-06 7.96004e-06 9.7934e-06 1.16777e-05 1.35856e-05 1.54903e-05 1.7366e-05 1.91893e-05 2.09397e-05 2.26e-05 2.41566e-05 2.55996e-05 2.6923e-05 2.8124e-05 2.92029e-05 3.01626e-05 3.10081e-05 3.17461e-05 3.23845e-05 3.29319e-05 3.33972e-05 3.37894e-05 3.41173e-05 3.43891e-05 3.46126e-05 3.47948e-05 3.49419e-05 3.50594e-05 3.51518e-05 3.5223e-05 3.5276e-05 3.5313e-05 3.53351e-05 3.53429e-05 3.53355e-05 3.53114e-05 3.52673e-05 3.51987e-05 3.50992e-05 3.49603e-05 3.47711e-05 3.45176e-05 3.41827e-05 3.37454e-05 3.31805e-05 3.24581e-05 3.15431e-05 3.03953e-05 2.89682e-05 2.72096e-05 2.5061e-05 2.24571e-05 1.9326e-05 1.55881e-05 1.11575e-05 5.91948e-06 0 
0 1.15751e-06 2.1278e-06 3.20563e-06 4.37302e-06 5.61429e-06 6.91241e-06 8.24903e-06 9.60519e-06 1.0962e-05 1.23014e-05 1.36066e-05 1.48629e-05 1.60578e-05 1.71812e-05 1.82258e-05 1.91866e-05 2.00611e-05 2.08492e-05 2.15523e-05 2.21737e-05 2.27178e-05 2.319e-05 2.3596e-05 2.39423e-05 2.4235e-05 2.44805e-05 2.46846e-05 2.48529e-05 2.49905e-05 2.51019e-05 2.51911e-05 2.52616e-05 2.5316e-05 2.53567e-05 2.53853e-05 2.54027e-05 2.54093e-05 2.54045e-05 2.53873e-05 2.53553e-05 2.53052e-05 2.52325e-05 2.51311e-05 2.49929e-05 2.48082e-05 2.45646e-05 2.42471e-05 2.38376e-05 2.33149e-05 2.26539e-05 2.18258e-05 2.07977e-05 1.95322e-05 1.79874e-05 1.61168e-05 1.38687e-05 1.11861e-05 8.00687e-06 4.24836e-06 0 
0 8.21099e-07 1.5097e-06 2.27505e-06 3.10467e-06 3.98773e-06 4.91242e-06 5.86596e-06 6.83505e-06 7.8064e-06 8.7672e-06 9.70552e-06 1.06107e-05 1.14737e-05 1.22871e-05 1.30454e-05 1.37446e-05 1.43828e-05 1.49595e-05 1.54754e-05 1.59327e-05 1.63341e-05 1.66835e-05 1.69848e-05 1.72424e-05 1.74608e-05 1.76444e-05 1.77976e-05 1.79242e-05 1.80279e-05 1.81122e-05 1.81798e-05 1.82333e-05 1.82748e-05 1.8306e-05 1.8328e-05 1.83416e-05 1.8347e-05 1.83439e-05 1.83315e-05 1.83081e-05 1.82714e-05 1.8218e-05 1.81435e-05 1.80422e-05 1.7907e-05 1.77289e-05 1.74972e-05 1.71989e-05 1.68188e-05 1.63389e-05 1.57386e-05 1.49942e-05 1.40791e-05 1.29633e-05 1.16134e-05 9.99214e-06 8.05855e-06 5.76788e-06 3.06041e-06 0 
0 5.95063e-07 1.09406e-06 1.64851e-06 2.24956e-06 2.88952e-06 3.56001e-06 4.25194e-06 4.95583e-06 5.66217e-06 6.36174e-06 7.04593e-06 7.70703e-06 8.33837e-06 8.93451e-06 9.49126e-06 1.00057e-05 1.04763e-05 1.09023e-05 1.12843e-05 1.16235e-05 1.19221e-05 1.21824e-05 1.24075e-05 1.26004e-05 1.27642e-05 1.29023e-05 1.30177e-05 1.31133e-05 1.31918e-05 1.32557e-05 1.33072e-05 1.33479e-05 1.33796e-05 1.34035e-05 1.34204e-05 1.34309e-05 1.34352e-05 1.3433e-05 1.34238e-05 1.34064e-05 1.3379e-05 1.3339e-05 1.32834e-05 1.32079e-05 1.31072e-05 1.29748e-05 1.28029e-05 1.25821e-05 1.23011e-05 1.1947e-05 1.15049e-05 1.09575e-05 1.02856e-05 9.46748e-06 8.47889e-06 7.29299e-06 5.87998e-06 4.20744e-06 2.23196e-06 0 
0 4.53765e-07 8.3377e-07 1.25518e-06 1.71127e-06 2.19626e-06 2.70386e-06 3.22728e-06 3.75945e-06 4.29326e-06 4.82185e-06 5.33882e-06 5.83839e-06 6.31562e-06 6.76641e-06 7.18765e-06 7.57714e-06 7.93361e-06 8.25664e-06 8.54653e-06 8.80426e-06 9.03127e-06 9.22946e-06 9.40096e-06 9.5481e-06 9.67327e-06 9.77888e-06 9.86723e-06 9.94052e-06 1.00008e-05 1.00499e-05 1.00894e-05 1.01208e-05 1.01453e-05 1.01636e-05 1.01766e-05 1.01847e-05 1.01879e-05 1.01862e-05 1.01789e-05 1.01652e-05 1.01438e-05 1.01126e-05 1.00693e-05 1.00106e-05 9.93251e-06 9.83006e-06 9.69729e-06 9.52706e-06 9.31097e-06 9.03925e-06 8.70067e-06 8.28245e-06 7.77018e-06 7.14772e-06 6.39714e-06 5.49856e-06 4.42998e-06 3.16752e-06 1.67909e-06 0 
0 3.83601e-07 7.03758e-07 1.05707e-06 1.43776e-06 1.84091e-06 2.26124e-06 2.69309e-06 3.13067e-06 3.56819e-06 4.00015e-06 4.42141e-06 4.82743e-06 5.21432e-06 5.57895e-06 5.91894e-06 6.23268e-06 6.5193e-06 6.77858e-06 7.0109e-06 7.21715e-06 7.39858e-06 7.55679e-06 7.69354e-06 7.81075e-06 7.91037e-06 7.99435e-06 8.06456e-06 8.12277e-06 8.1706e-06 8.20953e-06 8.24086e-06 8.26569e-06 8.28496e-06 8.2994e-06 8.30952e-06 8.31564e-06 8.31783e-06 8.31591e-06 8.30943e-06 8.2976e-06 8.27925e-06 8.25279e-06 8.21613e-06 8.16658e-06 8.1008e-06 8.01471e-06 7.90339e-06 7.761e-06 7.58069e-06 7.35457e-06 7.0736e-06 6.72758e-06 6.30506e-06 5.79334e-06 5.1784e-06 4.4448e-06 3.57558e-06 2.55248e-06 1.35082e-06 0 
0 3.82506e-07 6.99978e-07 1.04757e-06 1.41927e-06 1.81e-06 2.21443e-06 2.62699e-06 3.04209e-06 3.45427e-06 3.85844e-06 4.24997e-06 4.62486e-06 4.97981e-06 5.31223e-06 5.6203e-06 5.90289e-06 6.15956e-06 6.39045e-06 6.59622e-06 6.77793e-06 6.93697e-06 7.07498e-06 7.19372e-06 7.29504e-06 7.38078e-06 7.45276e-06 7.5127e-06 7.5622e-06 7.60272e-06 7.63556e-06 7.66188e-06 7.68263e-06 7.69861e-06 7.71043e-06 7.71852e-06 7.72309e-06 7.72417e-06 7.72152e-06 7.71466e-06 7.70279e-06 7.68476e-06 7.65902e-06 7.62352e-06 7.57569e-06 7.51234e-06 7.42958e-06 7.32275e-06 7.18639e-06 7.01412e-06 6.79865e-06 6.53173e-06 6.20414e-06 5.80568e-06 5.32517e-06 4.75045e-06 4.06835e-06 3.26462e-06 2.32417e-06 1.22646e-06 0 
0 4.61494e-07 8.42199e-07 1.25544e-06 1.69354e-06 2.15006e-06 2.61839e-06 3.09183e-06 3.56382e-06 4.02813e-06 4.47913e-06 4.91188e-06 5.32227e-06 5.7071e-06 6.06404e-06 6.39165e-06 6.68929e-06 6.95707e-06 7.19569e-06 7.40637e-06 7.59071e-06 7.75061e-06 7.88813e-06 8.00542e-06 8.10466e-06 8.18794e-06 8.2573e-06 8.31459e-06 8.36153e-06 8.39965e-06 8.43031e-06 8.45466e-06 8.47366e-06 8.48808e-06 8.49849e-06 8.50528e-06 8.5086e-06 8.50838e-06 8.50429e-06 8.49571e-06 8.48168e-06 8.46084e-06 8.43139e-06 8.39098e-06 8.33665e-06 8.26475e-06 8.17088e-06 8.04977e-06 7.8953e-06 7.70037e-06 7.45695e-06 7.15606e-06 6.78779e-06 6.34136e-06 5.80518e-06 5.1669e-06 4.41346e-06 3.53107e-06 2.50558e-06 1.31747e-06 0 
0 6.4886e-07 1.18158e-06 1.75594e-06 2.36059e-06 2.986e-06 3.62263e-06 4.26099e-06 4.89199e-06 5.50727e-06 6.09945e-06 6.6623e-06 7.1909e-06 7.68163e-06 8.13218e-06 8.54142e-06 8.90933e-06 9.23681e-06 9.52549e-06 9.77762e-06 9.99585e-06 1.01831e-05 1.03424e-05 1.04768e-05 1.05893e-05 1.06827e-05 1.07596e-05 1.08225e-05 1.08735e-05 1.09145e-05 1.0947e-05 1.09726e-05 1.09923e-05 1.10069e-05 1.10171e-05 1.10233e-05 1.10255e-05 1.10236e-05 1.10171e-05 1.1005e-05 1.09862e-05 1.09586e-05 1.09199e-05 1.08669e-05 1.07957e-05 1.07014e-05 1.05782e-05 1.0419e-05 1.02157e-05 9.95911e-06 9.63861e-06 9.2426e-06 8.75842e-06 8.17245e-06 7.47034e-06 6.63712e-06 5.65735e-06 4.51518e-06 3.19492e-06 1.67469e-06 0 
0 9.98246e-07 1.81526e-06 2.69229e-06 3.61115e-06 4.55662e-06 5.51363e-06 6.46744e-06 7.40416e-06 8.31128e-06 9.17803e-06 9.99561e-06 1.07574e-05 1.14587e-05 1.20971e-05 1.2672e-05 1.3184e-05 1.36356e-05 1.403e-05 1.43711e-05 1.46634e-05 1.49117e-05 1.51208e-05 1.52955e-05 1.54402e-05 1.55591e-05 1.56561e-05 1.57345e-05 1.57974e-05 1.58474e-05 1.58867e-05 1.59171e-05 1.59402e-05 1.5957e-05 1.59683e-05 1.59745e-05 1.59757e-05 1.59715e-05 1.59611e-05 1.59432e-05 1.59157e-05 1.5876e-05 1.58205e-05 1.57444e-05 1.56421e-05 1.55062e-05 1.53282e-05 1.50978e-05 1.48029e-05 1.44298e-05 1.3963e-05 1.33857e-05 1.26793e-05 1.18243e-05 1.08003e-05 9.58641e-06 8.16141e-06 6.50414e-06 4.5943e-06 2.40337e-06 0 
0 1.60266e-06 2.91168e-06 4.31291e-06 5.7762e-06 7.27635e-06 8.7886e-06 1.0289e-05 1.17554e-05 1.31681e-05 1.45104e-05 1.57691e-05 1.69346e-05 1.80008e-05 1.89649e-05 1.98269e-05 2.05893e-05 2.12567e-05 2.18352e-05 2.23316e-05 2.27538e-05 2.31096e-05 2.34068e-05 2.36529e-05 2.38552e-05 2.402e-05 2.41532e-05 2.426e-05 2.43449e-05 2.44118e-05 2.44639e-05 2.45039e-05 2.45338e-05 2.45551e-05 2.4569e-05 2.4576e-05 2.4576e-05 2.45685e-05 2.45521e-05 2.45248e-05 2.44835e-05 2.44239e-05 2.43406e-05 2.42263e-05 2.40721e-05 2.38668e-05 2.35969e-05 2.32464e-05 2.27964e-05 2.22255e-05 2.15096e-05 2.0622e-05 1.95341e-05 1.82156e-05 1.6635e-05 1.47605e-05 1.25603e-05 1.00032e-05 7.0599e-06 3.68926e-06 0 
0 2.61801e-06 4.75314e-06 7.03398e-06 9.40989e-06 1.18385e-05 1.42786e-05 1.66908e-05 1.90386e-05 2.12906e-05 2.34205e-05 2.5408e-05 2.72388e-05 2.89046e-05 3.04025e-05 3.1734e-05 3.29049e-05 3.39236e-05 3.48011e-05 3.55495e-05 3.61819e-05 3.67114e-05 3.71508e-05 3.75124e-05 3.78075e-05 3.80464e-05 3.82382e-05 3.8391e-05 3.85117e-05 3.8606e-05 3.8679e-05 3.87345e-05 3.87756e-05 3.88046e-05 3.8823e-05 3.88316e-05 3.88301e-05 3.88177e-05 3.87922e-05 3.87503e-05 3.86873e-05 3.85966e-05 3.84694e-05 3.82946e-05 3.80579e-05 3.77416e-05 3.73241e-05 3.67799e-05 3.60789e-05 3.51864e-05 3.40637e-05 3.2668e-05 3.0953e-05 2.887e-05 2.63688e-05 2.33988e-05 1.99099e-05 1.58536e-05 1.11852e-05 5.84213e-06 0 
0 4.30197e-06 7.80596e-06 1.15425e-05 1.54261e-05 1.93854e-05 2.33512e-05 2.7258e-05 3.10466e-05 3.46656e-05 3.80736e-05 4.12391e-05 4.41413e-05 4.67688e-05 4.91192e-05 5.11978e-05 5.30157e-05 5.45889e-05 5.59365e-05 5.70796e-05 5.804e-05 5.88397e-05 5.94997e-05 6.00398e-05 6.04782e-05 6.0831e-05 6.11127e-05 6.13359e-05 6.15112e-05 6.16476e-05 6.17524e-05 6.18316e-05 6.18899e-05 6.19307e-05 6.19561e-05 6.19671e-05 6.19635e-05 6.19437e-05 6.19045e-05 6.18406e-05 6.17445e-05 6.16061e-05 6.14115e-05 6.1143e-05 6.07779e-05 6.0288e-05 5.96389e-05 5.87892e-05 5.76902e-05 5.62858e-05 5.45129e-05 5.23015e-05 4.95763e-05 4.62579e-05 4.22644e-05 3.75139e-05 3.1926e-05 2.54233e-05 1.79361e-05 9.36632e-06 0 
0 7.07793e-06 1.28359e-05 1.89656e-05 2.53226e-05 3.17862e-05 3.82405e-05 4.45769e-05 5.0698e-05 5.65214e-05 6.19811e-05 6.70293e-05 7.16352e-05 7.57846e-05 7.94778e-05 8.27269e-05 8.55536e-05 8.7987e-05 9.00603e-05 9.18096e-05 9.32718e-05 9.44828e-05 9.54771e-05 9.62865e-05 9.694e-05 9.74635e-05 9.78794e-05 9.82073e-05 9.84636e-05 9.8662e-05 9.88138e-05 9.8928e-05 9.90116e-05 9.90696e-05 9.91052e-05 9.91198e-05 9.91131e-05 9.90824e-05 9.90226e-05 9.89257e-05 9.87801e-05 9.85696e-05 9.82728e-05 9.78615e-05 9.72997e-05 9.65425e-05 9.55345e-05 9.42091e-05 9.24873e-05 9.02778e-05 8.74775e-05 8.39717e-05 7.9637e-05 7.43428e-05 6.79554e-05 6.03407e-05 5.13684e-05 4.09142e-05 2.88675e-05 1.50741e-05 0 
0 1.164e-05 2.10974e-05 3.11478e-05 4.15469e-05 5.20908e-05 6.25854e-05 7.28508e-05 8.27279e-05 9.20838e-05 0.000100815 0.00010885 0.000116144 0.000122681 0.000128469 0.000133534 0.000137917 0.00014167 0.00014485 0.000147518 0.000149737 0.000151565 0.000153058 0.000154268 0.000155239 0.000156014 0.000156626 0.000157107 0.000157481 0.000157769 0.000157989 0.000158153 0.000158273 0.000158356 0.000158406 0.000158425 0.000158414 0.000158367 0.000158277 0.000158131 0.000157912 0.000157594 0.000157144 0.000156518 0.000155658 0.000154493 0.000152935 0.000150876 0.000148188 0.000144723 0.000140311 0.000134766 0.000127885 0.000119452 0.000109247 9.70522e-05 8.2654e-05 6.58523e-05 4.64711e-05 2.42673e-05 0 
0 1.91252e-05 3.46439e-05 5.11049e-05 6.80949e-05 8.52698e-05 0.000102305 0.000118903 0.000134804 0.000149796 0.000163719 0.000176465 0.000187975 0.000198234 0.000207266 0.000215126 0.000221889 0.000227646 0.000232498 0.000236546 0.000239894 0.000242637 0.000244866 0.000246662 0.000248098 0.000249236 0.000250132 0.000250832 0.000251375 0.000251791 0.000252107 0.000252342 0.000252513 0.00025263 0.000252701 0.000252727 0.000252708 0.000252637 0.000252503 0.000252287 0.00025196 0.000251484 0.000250807 0.000249859 0.000248552 0.000246771 0.000244376 0.000241193 0.000237017 0.000231607 0.000224685 0.000215946 0.000205054 0.000191657 0.000175393 0.0001559 0.000132834 0.000105871 7.47295e-05 3.90274e-05 0 
0 3.13972e-05 5.68376e-05 8.37683e-05 0.00011149 0.000139422 0.000167022 0.000193798 0.000219331 0.000243284 0.000265411 0.000285555 0.00030364 0.000319666 0.000333692 0.000345823 0.000356198 0.000364977 0.000372332 0.000378433 0.000383449 0.000387535 0.000390837 0.000393484 0.000395588 0.000397249 0.00039855 0.000399561 0.000400341 0.000400937 0.000401387 0.000401722 0.000401964 0.000402128 0.000402226 0.000402261 0.000402231 0.000402127 0.000401929 0.00040161 0.000401126 0.00040042 0.000399409 0.000397988 0.000396014 0.000393311 0.000389653 0.000384763 0.000378311 0.000369903 0.000359091 0.00034537 0.000328191 0.000306973 0.000281118 0.000250034 0.000213157 0.000169961 0.000120003 6.26795e-05 0 
0 5.15123e-05 9.31876e-05 0.000137207 0.000182387 0.000227747 0.000272382 0.000315483 0.000356374 0.000394527 0.000429567 0.000461274 0.000489566 0.000514478 0.00053614 0.000554755 0.000570573 0.000583873 0.000594944 0.000604071 0.000611528 0.000617568 0.000622419 0.000626286 0.000629344 0.000631744 0.000633615 0.000635062 0.000636173 0.000637019 0.000637655 0.000638126 0.000638464 0.000638694 0.000638829 0.000638875 0.000638828 0.000638675 0.000638387 0.000637921 0.000637214 0.000636174 0.00063468 0.000632564 0.000629609 0.000625534 0.000619985 0.00061252 0.000602605 0.000589608 0.000572795 0.000551341 0.000524343 0.00049084 0.000449849 0.000400395 0.000341552 0.000272472 0.000192447 0.000100535 0 
0 8.44901e-05 0.000152731 0.000224637 0.000298201 0.000371769 0.000443831 0.000513064 0.000578381 0.000638961 0.000694251 0.000743956 0.000788009 0.000826535 0.000859804 0.000888195 0.000912154 0.000932161 0.000948702 0.000962249 0.000973246 0.000982096 0.000989163 0.000994761 0.000999163 0.0010026 0.00100526 0.00100731 0.00100888 0.00101007 0.00101096 0.00101161 0.00101208 0.0010124 0.00101258 0.00101264 0.00101257 0.00101235 0.00101193 0.00101126 0.00101024 0.00100872 0.00100653 0.00100341 0.000999022 0.000992927 0.000984568 0.000973244 0.0009581 0.000938114 0.000912093 0.000878686 0.000836406 0.00078367 0.000718849 0.000640337 0.000546612 0.000436302 0.000308282 0.00016108 0 
0 0.000138587 0.000250316 0.000367731 0.000487429 0.000606616 0.000722779 0.00083376 0.000937827 0.00103372 0.00112064 0.00119823 0.00126649 0.00132575 0.00137655 0.00141957 0.00145561 0.00148549 0.00151001 0.00152996 0.00154603 0.00155889 0.00156908 0.00157711 0.00158339 0.00158826 0.00159201 0.00159489 0.00159707 0.00159872 0.00159995 0.00160085 0.0016015 0.00160193 0.00160218 0.00160225 0.00160215 0.00160183 0.00160124 0.00160028 0.00159881 0.00159663 0.00159345 0.00158888 0.00158242 0.00157337 0.00156087 0.00154381 0.00152082 0.00149026 0.00145018 0.00139838 0.0013324 0.00124964 0.00114739 0.00102299 0.00087395 0.000698025 0.000493433 0.000257885 0 
0 0.000227408 0.000410375 0.000602086 0.000796759 0.000989675 0.00117666 0.00135421 0.00151959 0.00167089 0.00180702 0.0019276 0.00203285 0.00212349 0.00220056 0.00226533 0.00231915 0.00236341 0.00239947 0.00242858 0.00245187 0.00247037 0.00248494 0.00249634 0.00250519 0.00251202 0.00251726 0.00252125 0.00252426 0.00252653 0.00252821 0.00252943 0.00253031 0.00253089 0.00253122 0.00253132 0.00253116 0.00253071 0.00252988 0.00252853 0.00252644 0.00252332 0.00251875 0.00251214 0.00250271 0.0024894 0.00247086 0.00244533 0.00241065 0.00236417 0.00230275 0.00222278 0.0021202 0.0019907 0.0018298 0.00163306 0.00139638 0.00111609 0.000789374 0.00041267 0 
0 0.000373426 0.000673201 0.000986272 0.0013028 0.00161481 0.0019154 0.00219887 0.00246098 0.00269892 0.00291125 0.00309776 0.00325918 0.00339699 0.00351316 0.00360995 0.0036897 0.00375475 0.00380731 0.00384941 0.00388284 0.00390918 0.00392979 0.0039458 0.00395816 0.00396764 0.00397486 0.00398032 0.00398444 0.00398751 0.00398978 0.00399143 0.0039926 0.00399337 0.00399381 0.00399393 0.00399371 0.00399309 0.00399193 0.00399004 0.00398711 0.00398271 0.00397621 0.00396674 0.0039531 0.00393369 0.00390639 0.00386849 0.00381654 0.0037463 0.00365267 0.00352974 0.00337087 0.00316885 0.00291623 0.00260565 0.00223024 0.00178404 0.00126254 0.000660247 0 
0 0.000613847 0.00110539 0.00161686 0.00213146 0.00263575 0.00311829 0.00356996 0.00398421 0.00435705 0.00468682 0.00497384 0.00521996 0.00542814 0.005602 0.00574553 0.00586273 0.00595749 0.00603339 0.00609368 0.00614117 0.00617831 0.00620715 0.00622939 0.00624644 0.00625943 0.00626927 0.00627668 0.00628223 0.00628634 0.00628937 0.00629157 0.00629311 0.00629413 0.0062947 0.00629484 0.00629453 0.00629367 0.00629208 0.00628948 0.00628543 0.00627929 0.00627015 0.00625671 0.00623719 0.00620914 0.00616933 0.00611352 0.00603625 0.00593078 0.00578886 0.00560084 0.00535574 0.0050416 0.00464594 0.00415643 0.00356163 0.00285173 0.00201949 0.0010565 0 
0 0.00101045 0.00181731 0.00265343 0.00349011 0.00430463 0.00507817 0.00579622 0.00644892 0.00703086 0.00754058 0.00797983 0.00835272 0.00866496 0.00892315 0.0091342 0.00930489 0.00944161 0.00955013 0.00963557 0.00970231 0.00975408 0.00979397 0.00982452 0.00984776 0.00986536 0.0098786 0.00988851 0.00989589 0.00990134 0.00990533 0.0099082 0.00991022 0.00991154 0.00991227 0.00991245 0.00991202 0.00991085 0.0099087 0.00990517 0.00989963 0.00989117 0.00987846 0.00985961 0.00983197 0.00979187 0.00973436 0.00965288 0.00953889 0.00938164 0.00916786 0.00888179 0.00850531 0.00801847 0.00740033 0.00663013 0.00568867 0.00455967 0.00323148 0.0016913 0 
0 0.00166618 0.00299242 0.00436038 0.00572088 0.00703562 0.00827372 0.00941241 0.0104373 0.0113416 0.0121253 0.0127933 0.0133543 0.0138189 0.0141991 0.0145065 0.0147527 0.0149479 0.0151014 0.0152211 0.0153138 0.0153851 0.0154396 0.015481 0.0155123 0.0155359 0.0155534 0.0155665 0.0155762 0.0155833 0.0155885 0.0155922 0.0155948 0.0155965 0.0155975 0.0155977 0.0155971 0.0155955 0.0155927 0.0155879 0.0155804 0.0155689 0.0155515 0.0155254 0.0154867 0.01543 0.0153478 0.01523 0.0150633 0.0148307 0.014511 0.0140783 0.0135028 0.0127511 0.011788 0.0105783 0.00908958 0.00729451 0.00517432 0.00270954 0 
0 0.00275317 0.00493669 0.00717703 0.00938973 0.0115102 0.0134883 0.0152889 0.0168917 0.0182899 0.0194875 0.0204963 0.0213335 0.0220189 0.0225733 0.0230167 0.0233678 0.0236434 0.0238579 0.0240236 0.0241508 0.0242477 0.0243212 0.0243766 0.0244181 0.0244491 0.0244722 0.0244892 0.0245017 0.0245109 0.0245175 0.0245223 0.0245256 0.0245277 0.0245289 0.0245291 0.0245284 0.0245263 0.0245225 0.0245163 0.0245063 0.0244909 0.0244673 0.0244317 0.0243783 0.0242991 0.0241829 0.0240144 0.0237731 0.0234322 0.0229575 0.0223074 0.0214325 0.0202769 0.018781 0.0168849 0.014533 0.0116793 0.00829326 0.00434536 0 
0 0.00456054 0.00816245 0.0118358 0.0154351 0.018852 0.0220055 0.0248429 0.0273379 0.029487 0.0313042 0.0328154 0.0340535 0.0350545 0.0358542 0.0364863 0.0369812 0.0373653 0.0376612 0.0378875 0.0380595 0.0381894 0.0382871 0.0383601 0.0384145 0.0384548 0.0384845 0.0385063 0.0385223 0.0385339 0.0385423 0.0385483 0.0385524 0.0385551 0.0385565 0.0385568 0.0385558 0.0385531 0.0385482 0.0385401 0.0385271 0.0385068 0.0384753 0.0384273 0.0383546 0.0382455 0.0380834 0.0378454 0.0375 0.0370052 0.0363071 0.0353379 0.0340162 0.0322485 0.0299334 0.0269679 0.0232565 0.0187205 0.0133092 0.00697842 0 
0 0.00757639 0.0135314 0.019562 0.0254175 0.0309163 0.0359302 0.0403828 0.0442449 0.0475253 0.05026 0.0525023 0.0543143 0.0557596 0.0568992 0.0577887 0.0584767 0.0590046 0.0594068 0.0597113 0.0599404 0.0601119 0.0602397 0.0603345 0.0604046 0.0604561 0.0604938 0.0605214 0.0605415 0.060556 0.0605664 0.0605737 0.0605788 0.0605821 0.0605838 0.0605841 0.0605828 0.0605795 0.0605733 0.0605629 0.0605462 0.0605198 0.0604786 0.0604149 0.0603174 0.0601694 0.0599466 0.059615 0.0591267 0.0584172 0.057401 0.0559691 0.0539876 0.0512997 0.0477322 0.0431073 0.0372583 0.0300487 0.0213934 0.0112265 0 
0 0.0126296 0.0225002 0.0324147 0.0419399 0.0507739 0.058718 0.0656693 0.0716069 0.076572 0.0806472 0.0839379 0.0865574 0.0886167 0.090218 0.0914514 0.0923935 0.0931077 0.0936457 0.0940487 0.0943489 0.0945715 0.0947359 0.0948568 0.0949455 0.0950102 0.0950574 0.0950916 0.0951163 0.0951341 0.0951468 0.0951558 0.0951619 0.0951659 0.095168 0.0951683 0.0951666 0.0951625 0.0951548 0.0951418 0.0951206 0.095087 0.0950339 0.0949511 0.0948227 0.0946252 0.094324 0.093869 0.0931891 0.0921854 0.0907244 0.0886317 0.0856878 0.0816301 0.0761622 0.068974 0.0597719 0.0483149 0.0344567 0.0180997 0 
0 0.0211379 0.0375469 0.0538702 0.0693586 0.0835165 0.0960469 0.106828 0.11588 0.123318 0.12932 0.134086 0.137819 0.140708 0.142923 0.144604 0.145872 0.146821 0.147528 0.148051 0.148437 0.148721 0.148929 0.14908 0.14919 0.14927 0.149328 0.14937 0.1494 0.149421 0.149436 0.149447 0.149454 0.149459 0.149461 0.149462 0.14946 0.149455 0.149445 0.149429 0.149403 0.149361 0.149294 0.149188 0.149023 0.148764 0.148364 0.147751 0.14682 0.145423 0.143353 0.140334 0.136009 0.129938 0.121614 0.110492 0.0960469 0.0778465 0.0556316 0.0292581 0 
0 0.0355464 0.0629164 0.0898291 0.114991 0.137604 0.15725 0.173833 0.187485 0.198491 0.207204 0.213998 0.219229 0.223211 0.226216 0.228465 0.230137 0.231373 0.232283 0.232949 0.233436 0.23379 0.234046 0.234232 0.234366 0.234463 0.234532 0.234582 0.234618 0.234643 0.234661 0.234673 0.234682 0.234687 0.23469 0.23469 0.234688 0.234682 0.234671 0.234652 0.23462 0.234569 0.234486 0.234354 0.234144 0.233813 0.233294 0.232485 0.231236 0.229327 0.226445 0.222158 0.215889 0.206909 0.194346 0.177238 0.154635 0.125742 0.0900856 0.047449 0 
0 0.0601172 0.105944 0.150371 0.191177 0.227115 0.257674 0.282903 0.303221 0.31925 0.33168 0.341184 0.348366 0.353739 0.357728 0.360669 0.362825 0.364399 0.365543 0.366372 0.366971 0.367402 0.367713 0.367936 0.368095 0.368209 0.368291 0.368349 0.36839 0.36842 0.36844 0.368454 0.368464 0.36847 0.368474 0.368474 0.368471 0.368464 0.368451 0.368429 0.368391 0.36833 0.36823 0.368069 0.367811 0.367397 0.366739 0.365696 0.364059 0.361508 0.35758 0.351608 0.342678 0.329586 0.310838 0.284731 0.249523 0.203716 0.146405 0.0772584 0 
0 0.102376 0.179434 0.252837 0.318807 0.375519 0.422535 0.46037 0.49009 0.512982 0.530336 0.543325 0.552949 0.560019 0.56518 0.568927 0.571635 0.573586 0.574988 0.575992 0.576711 0.577223 0.577589 0.57785 0.578035 0.578167 0.57826 0.578326 0.578373 0.578406 0.578429 0.578445 0.578456 0.578463 0.578467 0.578467 0.578464 0.578456 0.578441 0.578415 0.578372 0.578301 0.578184 0.577994 0.577684 0.577181 0.576369 0.575063 0.572974 0.569656 0.564436 0.556315 0.543865 0.525129 0.497573 0.458169 0.403685 0.331229 0.238997 0.126425 0 
0 0.175832 0.306029 0.427304 0.533393 0.621954 0.693199 0.748866 0.791374 0.823256 0.846839 0.864095 0.876617 0.885645 0.892122 0.896751 0.90005 0.902396 0.904062 0.905243 0.906079 0.906671 0.90709 0.907386 0.907595 0.907743 0.907847 0.90792 0.907972 0.908008 0.908033 0.908051 0.908063 0.90807 0.908074 0.908074 0.908071 0.908062 0.908046 0.908017 0.907969 0.907889 0.907756 0.907538 0.907178 0.906586 0.905617 0.904032 0.901452 0.897273 0.890548 0.879826 0.862941 0.836777 0.797091 0.738527 0.655038 0.540899 0.392318 0.208199 0 
0 0.305267 0.526386 0.726415 0.895501 1.03165 1.13732 1.21712 1.27615 1.31915 1.35012 1.37225 1.38797 1.39908 1.40692 1.41244 1.41631 1.41904 1.42095 1.42229 1.42323 1.42389 1.42435 1.42468 1.42491 1.42507 1.42518 1.42526 1.42531 1.42535 1.42538 1.4254 1.42541 1.42542 1.42542 1.42542 1.42542 1.42541 1.42539 1.42536 1.42531 1.42522 1.42508 1.42483 1.42443 1.42376 1.42265 1.4208 1.41773 1.41266 1.40433 1.39069 1.36858 1.3332 1.27762 1.19249 1.06646 0.887941 0.648555 0.34571 0 
0 0.537474 0.914948 1.24319 1.50862 1.71298 1.86498 1.97533 2.05411 2.10972 2.14867 2.17582 2.19469 2.20778 2.21686 2.22315 2.22751 2.23054 2.23264 2.2341 2.23512 2.23583 2.23632 2.23667 2.23691 2.23708 2.23719 2.23727 2.23733 2.23737 2.2374 2.23742 2.23743 2.23744 2.23744 2.23744 2.23744 2.23743 2.23741 2.23738 2.23733 2.23724 2.23708 2.23682 2.23639 2.23566 2.23444 2.23237 2.22889 2.22303 2.21317 2.19661 2.16896 2.12315 2.04828 1.92846 1.74262 1.46696 1.08199 0.580454 0 
0 0.96441 1.61125 2.14338 2.54924 2.84475 3.0537 3.19878 3.29842 3.36644 3.41273 3.44421 3.46563 3.48022 3.49017 3.49697 3.50163 3.50483 3.50703 3.50854 3.50959 3.51031 3.51081 3.51116 3.5114 3.51157 3.51169 3.51177 3.51183 3.51186 3.51189 3.51191 3.51192 3.51193 3.51193 3.51193 3.51193 3.51192 3.5119 3.51187 3.51182 3.51173 3.51157 3.51131 3.51087 3.51012 3.50885 3.50667 3.50294 3.49654 3.48554 3.4666 3.43401 3.37804 3.28257 3.1219 2.85803 2.44212 1.82703 0.989816 0 
0 1.77805 2.88472 3.7242 4.31636 4.71872 4.98697 5.16428 5.28118 5.35831 5.40934 5.44323 5.46583 5.48096 5.49113 5.49799 5.50265 5.50581 5.50797 5.50944 5.51046 5.51115 5.51163 5.51196 5.51219 5.51235 5.51246 5.51254 5.51259 5.51263 5.51265 5.51267 5.51268 5.51269 5.51269 5.51269 5.51269 5.51268 5.51266 5.51263 5.51258 5.5125 5.51235 5.51211 5.51168 5.51096 5.50972 5.50757 5.50385 5.49736 5.48598 5.46595 5.43046 5.36734 5.25479 5.05461 4.7027 4.102 3.13652 1.72723 0 
0 3.40998 5.26323 6.50781 7.29976 7.79512 8.10449 8.29874 8.42171 8.50027 8.55091 8.58383 8.60541 8.61964 8.62909 8.63541 8.63964 8.6425 8.64444 8.64576 8.64666 8.64727 8.6477 8.64798 8.64818 8.64832 8.64842 8.64848 8.64853 8.64856 8.64858 8.6486 8.64861 8.64861 8.64861 8.64862 8.64861 8.64861 8.64859 8.64857 8.64853 8.64845 8.64832 8.64811 8.64774 8.6471 8.646 8.64407 8.6407 8.63474 8.62412 8.60505 8.57041 8.50681 8.38856 8.16613 7.74442 6.94841 5.50033 3.11978 0 
0 7.05106 9.85816 11.4477 12.3397 12.8492 13.1472 13.3255 13.4344 13.5021 13.5448 13.5721 13.5898 13.6013 13.6089 13.6139 13.6172 13.6195 13.621 13.622 13.6227 13.6232 13.6235 13.6237 13.6239 13.624 13.6241 13.6241 13.6241 13.6242 13.6242 13.6242 13.6242 13.6242 13.6242 13.6242 13.6242 13.6242 13.6242 13.6242 13.6241 13.6241 13.624 13.6238 13.6235 13.6231 13.6222 13.6207 13.6181 13.6134 13.6049 13.5894 13.5608 13.5069 13.4031 13.1982 12.7806 11.8981 9.9974 6.06417 0 
0 14.8444 17.8324 19.2238 19.913 20.2763 20.4777 20.594 20.6633 20.7055 20.7318 20.7484 20.7591 20.766 20.7705 20.7735 20.7755 20.7768 20.7777 20.7783 20.7787 20.779 20.7792 20.7793 20.7794 20.7794 20.7795 20.7795 20.7795 20.7795 20.7795 20.7796 20.7796 20.7796 20.7796 20.7796 20.7796 20.7796 20.7796 20.7795 20.7795 20.7795 20.7794 20.7793 20.7792 20.7789 20.7784 20.7775 20.776 20.7732 20.7682 20.759 20.7417 20.7086 20.6435 20.5107 20.2257 19.5638 17.9016 12.1226 0 
40 40 40 40 40 40 40 40 40 40 40 40 40 40 40 40 40 40 40 40 40 40 40 40 40 40 40 40 40 40 40 40 40 40 40 40 40 40 40 40 40 40 40 40 40 40 40 40 40 40 40 40 40 40 40 40 40 40 40 40 40 
